19
44
48
64
64
71
75
82
108
119
122
137
168
171
192
192
215
247
249
254
261
269
273
292
297
306
311
317
318
326
328
328
335
344
360
379
388
389
423
441
446
465
465
483
486
494
498
502
506
522
549
565
566
568
569
573
577
593
600
617
637
663
667
694
709
712
720
738
740
740
746
760
774
814
815
822
847
864
887
887
889
895
904
913
915
925
971
972
975
978
983
986
1000
1001
1070
1070
1070
1072
1092
1094
1098
1099
1119
1128
1138
1138
1147
1161
1171
1181
1183
1188
1189
1191
1192
1193
1199
1212
1212
1221
1251
1257
1273
1283
1287
1288
1290
1295
1296
1305
1316
1344
1347
1354
1375
1381
1392
1404
1422
1429
1436
1436
1437
1447
1460
1469
1496
1500
1501
1507
1511
1542
1542
1550
1554
1569
1571
1573
1586
1600
1602
1617
1619
1625
1641
1641
1644
1655
1675
1684
1688
1713
1736
1744
1753
1761
1776
1815
1819
1822
1822
1834
1835
1838
1842
1846
1846
1853
1860
1872
1886
1898
1899
1912
1919
1928
1948
1958
1984
1989
1999
2004
2015
2018
2067
2083
2096
2122
2131
2132
2140
2184
2184
2185
2191
2192
2193
2202
2206
2218
2219
2219
2233
2245
2246
2248
2258
2267
2276
2285
2295
2298
2313
2313
2321
2324
2335
2336
2342
2349
2349
2379
2386
2387
2394
2404
2404
2412
2442
2458
2460
2492
2495
2497
2501
2520
2526
2530
2537
2541
2544
2555
2568
2572
2580
2623
2631
2632
2635
2656
2659
2675
2713
2735
2740
2746
2748
2750
2761
2768
2789
2792
2799
2800
2806
2815
2833
2835
2836
2850
2856
2860
2862
2884
2888
2904
2904
2905
2928
2959
2962
2972
2981
2987
2993
2995
2997
3006
3006
3033
3045
3056
3057
3059
3064
3066
3095
3099
3104
3119
3121
3154
3165
3175
3194
3201
3219
3223
3241
3251
3269
3281
3287
3300
3305
3310
3315
3318
3322
3324
3326
3335
3342
3361
3365
3376
3390
3396
3415
3416
3420
3425
3431
3432
3438
3456
3494
3504
3518
3524
3527
3528
3534
3535
3538
3546
3560
3572
3582
3592
3599
3600
3603
3611
3650
3657
3659
3660
3669
3675
3699
3703
3707
3719
3742
3746
3758
3764
3774
3775
3801
3843
3844
3861
3874
3882
3917
3920
3934
3938
3961
3978
3985
4007
4014
4017
4031
4046
4048
4055
4070
4070
4083
4093
4094
4138
4150
4150
4172
4179
4205
4215
4220
4240
4242
4253
4256
4265
4266
4295
4301
4350
4350
4355
4415
4427
4427
4439
4457
4458
4461
4466
4472
4473
4480
4502
4508
4510
4510
4517
4529
4535
4548
4561
4595
4623
4628
4638
4670
4673
4674
4682
4689
4708
4714
4739
4741
4776
4777
4788
4796
4818
4823
4824
4842
4847
4851
4852
4860
4864
4876
4900
4906
4911
4912
4916
4937
4951
4984
4990
4998
5002
5030
5035
5043
5074
5078
5089
5102
5107
5112
5114
5116
5125
5131
5144
5145
5149
5153
5154
5180
5197
5199
5218
5242
5242
5256
5263
5278
5290
5294
5312
5348
5374
5379
5383
5388
5396
5406
5426
5443
5452
5467
5489
5501
5503
5506
5507
5507
5511
5514
5517
5518
5524
5532
5539
5547
5600
5608
5613
5617
5617
5622
5627
5642
5664
5667
5674
5681
5696
5699
5703
5711
5721
5722
5725
5729
5731
5731
5735
5739
5759
5761
5767
5775
5803
5814
5832
5849
5867
5868
5869
5893
5895
5900
5917
5925
5934
5943
5945
5948
5956
5969
5971
5991
5991
5996
6002
6013
6016
6023
6040
6042
6049
6081
6089
6090
6092
6112
6130
6141
6147
6154
6157
6171
6171
6228
6240
6242
6250
6253
6256
6268
6289
6311
6315
6323
6347
6362
6366
6368
6379
6389
6390
6397
6410
6412
6413
6427
6434
6434
6443
6445
6450
6462
6490
6493
6495
6531
6557
6563
6582
6588
6591
6633
6635
6639
6673
6676
6677
6689
6691
6696
6703
6706
6731
6743
6748
6765
6771
6786
6793
6797
6808
6829
6835
6835
6838
6844
6850
6861
6873
6882
6898
6908
6915
6919
6927
6956
6977
6985
6999
7006
7012
7014
7014
7027
7027
7036
7037
7037
7046
7048
7055
7057
7057
7070
7088
7107
7108
7109
7110
7113
7121
7130
7136
7147
7167
7170
7176
7204
7209
7223
7227
7229
7269
7274
7288
7294
7297
7300
7321
7324
7332
7341
7370
7384
7399
7430
7430
7454
7485
7488
7497
7511
7533
7537
7540
7541
7566
7581
7582
7588
7606
7607
7619
7628
7635
7650
7656
7658
7658
7660
7665
7678
7689
7695
7696
7713
7724
7725
7735
7737
7737
7766
7779
7780
7783
7788
7796
7809
7844
7847
7858
7861
7881
7884
7909
7918
7924
7950
7962
7981
7991
7994
8011
8033
8038
8040
8063
8067
8071
8090
8111
8122
8124
8140
8147
8153
8158
8163
8168
8173
8175
8181
8190
8191
8193
8206
8239
8244
8275
8276
8277
8279
8282
8283
8293
8309
8333
8347
8349
8358
8363
8380
8392
8393
8400
8411
8415
8422
8425
8430
8449
8476
8484
8500
8513
8524
8556
8560
8574
8582
8586
8625
8642
8652
8659
8671
8689
8690
8703
8704
8705
8712
8715
8727
8733
8739
8763
8764
8771
8772
8787
8802
8840
8843
8850
8851
8855
8871
8880
8890
8893
8905
8905
8916
8923
8934
8940
8949
8957
8961
8971
8986
8995
9001
9001
9005
9012
9037
9040
9044
9046
9051
9070
9085
9088
9089
9103
9114
9133
9139
9146
9163
9167
9183
9187
9189
9195
9197
9227
9234
9251
9253
9257
9269
9274
9289
9296
9329
9342
9350
9358
9386
9395
9401
9403
9413
9420
9426
9429
9463
9471
9482
9504
9527
9536
9540
9541
9549
9551
9552
9557
9565
9583
9583
9592
9599
9608
9608
9616
9636
9652
9656
9658
9664
9682
9682
9699
9706
9707
9726
9744
9746
9748
9757
9765
9778
9804
9808
9813
9826
9855
9864
9867
9868
9870
9888
9909
9918
9940
9943
9953
9953
9956
9964
9982
9983
9998
