5180
4070
2580
7130
8430
8890
360
9420
8500
6390
9940
3920
2140
3310
9870
9350
7540
2800
5290
4670
6240
1860
4350
6450
600
4350
8560
4070
6250
8040
7950
3600
1070
9070
740
1500
4480
5030
7370
760
7430
8940
6040
1550
8880
3390
7110
4900
8190
8140
5600
4150
3300
8090
2750
1070
6090
6490
740
5900
1000
4860
720
4150
7660
7650
6410
2850
8850
8690
7780
1600
2530
3560
8380
9040
6850
1070
9540
3650
2460
7300
4990
4510
3420
1460
7070
4220
7170
8400
4510
7430
2520
6130
2860
3660
4240
1290
8840
2740
4911
8871
3251
4851
5681
6771
2761
1511
8191
8411
71
6171
3431
8671
5731
3861
2631
4951
2321
7121
1161
5761
8851
8111
9471
3201
1501
311
5511
3241
7991
7861
6141
6861
5131
3611
7541
5731
5721
7511
2131
1571
8771
1641
5991
6311
1171
261
7981
6171
1761
2191
6531
6591
3361
8181
4561
9001
5711
1251
3961
4461
5971
9051
3121
4031
9001
1181
8971
6081
2541
9541
6731
441
9551
4301
9401
2501
1221
9251
1001
8011
1641
7341
1191
7881
1381
971
7321
3281
2981
8071
5501
3801
171
8961
5991
7581
6691
4741
8642
6112
1392
2972
7582
1822
192
4242
2132
8422
3572
6882
192
2572
6362
5722
1542
5242
1212
5102
9982
3342
2792
2492
5532
1602
8652
9012
1422
972
822
2412
8282
4472
7332
4172
8772
2862
9682
6002
3322
6092
3882
5642
1192
5112
5242
3432
4502
1072
4842
502
3592
1212
5622
4682
5312
712
5832
9592
5452
8392
2342
8802
1912
122
2962
8582
3582
1542
9652
4912
8712
6412
1842
6582
2202
1872
3742
2632
6462
2442
7962
8122
9682
82
5002
4852
1092
9482
9552
7012
6042
9342
2122
2192
292
1822
6242
522
9413
9983
8153
6563
8193
8063
7713
4253
4083
8393
2313
5263
7223
5503
423
9403
2993
8283
3843
8363
4623
2833
4823
5613
5383
8843
2193
8893
9103
8923
573
2083
2313
1273
8333
8293
9953
9163
7113
593
5893
5153
1853
8163
5803
983
5443
4673
273
8513
6493
6793
8033
483
663
1193
6673
9813
2233
3223
2623
9943
6023
913
6253
6873
7783
6413
9253
9463
3603
8733
6013
1713
3033
1753
9583
5043
3703
6633
7533
5703
1573
9953
9183
9133
1283
9583
8763
6703
4093
8173
1183
5943
8703
2713
6743
6443
4473
6323
8244
5374
4984
1554
9964
7294
344
5114
7884
3324
2904
1984
864
5514
5074
2904
5674
4824
5154
2184
3874
3934
8704
9234
3764
44
5814
2004
7274
254
904
7844
9274
774
7014
4864
1834
2404
9114
1094
4014
494
8764
9044
5144
3844
7454
1344
64
3534
2884
4674
9504
6154
3494
8124
4714
2404
1684
9664
3774
5294
64
8524
1354
2394
9804
7724
4094
3524
9864
5934
7014
814
3194
8934
5524
7324
7994
8574
5664
6434
1644
1744
3064
2324
1404
9744
3504
3154
7924
7384
8484
6434
2184
3104
694
7204
6844
2544
2555
5035
6835
6765
335
2335
2295
3425
4535
5735
6915
9565
8175
465
6445
7735
2835
9005
2995
1675
75
9085
7725
975
6495
2675
5895
5945
1835
5125
8905
8275
5725
4215
8705
9765
3315
4355
3305
4265
2245
895
6835
1625
7635
3335
915
7485
465
8425
6315
9395
3365
3095
6635
3985
8715
2495
4205
7665
1655
2905
2635
7055
4595
3175
2815
6985
8415
9855
3675
4055
565
2285
2015
8625
5145
8855
3045
3775
1305
925
9195
3535
2185
2735
8995
3165
1295
8905
5775
815
7695
1375
3415
5925
4415
1815
4295
215
1736
7566
9656
9726
1296
7656
4046
2386
5956
6786
2836
3396
326
2246
1846
566
6366
3416
5116
6016
2526
9386
4916
8276
7796
3376
1586
9706
2746
2206
4466
486
5996
5426
2656
8556
6256
2096
746
6706
8986
446
9536
7766
1496
9616
5256
7006
2276
306
8916
9426
7036
1886
4266
5696
9826
4906
1846
8206
7696
506
9956
3456
4796
2806
2336
5506
9636
6956
6696
3326
9046
1436
5406
6676
2856
7606
7136
9146
3056
3746
3546
3006
4876
3066
9746
1436
1776
7046
8476
4256
9296
4776
8586
5396
986
3006
1316
7176
3287
4017
5467
8347
7107
1507
3657
2997
9867
5767
7607
7147
4457
7057
4427
6557
8957
617
7167
577
4847
5507
5917
2537
5507
3057
5617
4777
8277
7037
6927
9187
6397
3917
4517
7847
887
7737
2497
637
9527
9167
1617
9257
7497
2067
2987
6427
6157
8147
5867
4427
8727
1147
7037
3527
5547
5667
5107
4007
9557
1347
6677
6147
4937
317
667
1437
8787
1287
2267
847
6797
9037
9707
6977
1257
7737
5627
9227
7057
6347
887
7297
1447
7537
5517
247
5197
137
5617
7227
297
9757
3707
9197
8067
7027
7027
2387
6748
1948
1958
6268
3518
5078
48
498
328
1928
9658
2768
7588
8038
6808
4998
6368
3528
108
6898
1838
9918
1128
2748
978
7488
7788
9608
6908
318
1688
8168
2928
7658
9998
2018
1898
5348
3758
2248
2458
6588
568
3538
328
1188
9608
7108
9088
4708
9778
2298
9358
1138
1098
4048
5388
9808
4628
9748
8358
388
5948
2258
5608
5518
3938
2888
3978
4788
4548
7678
3318
5218
8158
4508
7658
9868
4818
6228
3438
7288
2218
738
1288
2568
4458
1138
168
4638
4138
6838
7088
5278
9888
7918
7628
5868
7858
7048
8949
5739
119
6089
1569
3059
3659
6389
3269
2659
6379
569
5699
7109
7779
1429
8349
8659
8689
5489
8309
389
9909
379
1199
3119
7399
6049
9289
5199
8279
5089
1119
5729
2799
6689
7909
549
4179
8239
9089
3219
6289
9599
1919
2789
7209
2959
1469
2219
7269
9139
1619
7689
6999
5759
6919
3099
5849
2349
3699
2349
5149
1989
4529
9699
5869
2379
7229
1819
9189
9549
3669
5379
4689
9429
1899
249
5969
1999
9269
889
7809
269
1099
6829
4739
4439
8449
19
3719
1189
9329
8739
709
2219
3599
5539
6639
7619
